193
113
402
450
271
636
986
899
628
117
114
618
290
494
215
202
145
319
630
652
792
667
904
851
450
499
336
636
110
773
146
676
954
239
219
403
254
288
779
510
52
964
523
664
852
616
18
498
334
40
879
901
4
181
66
929
674
1000
603
821
45
286
849
996
376
842
551
39
591
150
158
408
951
528
426
696
522
73
498
219
486
181
893
403
165
109
768
557
943
16
900
713
107
953
668
469
747
895
930
378
732
364
260
935
143
932
470
446
2
45
650
590
306
170
861
861
893
262
564
675
445
948
197
721
897
367
479
676
155
87
25
171
943
116
367
668
531
927
509
225
326
423
581
43
583
983
969
87
869
670
501
394
258
366
996
926
588
186
608
896
309
873
429
337
477
732
870
976
13
118
191
363
769
984
974
527
56
101
246
159
248
504
263
147
62
738
412
297
959
153
129
803
703
428
765
947
237
716
673
131
413
893
347
642
6
624
125
996
666
387
498
710
411
221
666
292
499
764
520
825
976
780
961
326
810
654
427
126
252
14
25
12
340
823
775
765
541
859
711
461
785
360
17
683
631
79
75
902
372
450
154
839
545
973
89
609
824
459
438
740
294
598
381
888
301
441
398
540
348
318
230
642
333
339
151
13
200
767
494
208
444
350
23
959
171
322
282
592
362
298
88
46
275
732
390
891
783
687
35
55
355
136
40
725
975
513
34
503
431
241
693
406
54
113
423
502
180
659
824
468
499
364
631
266
979
697
579
555
855
377
469
868
141
259
156
468
445
29
706
346
957
947
928
725
389
110
933
140
425
123
652
403
719
282
205
328
583
915
225
473
636
7
184
902
221
174
841
499
889
414
316
80
236
271
574
814
580
931
528
552
323
437
290
957
364
811
929
468
479
401
784
981
667
991
794
885
662
990
594
718
757
712
707
592
31
185
251
52
944
216
471
147
367
645
493
499
591
39
973
269
416
291
225
621
214
966
827
968
391
260
840
589
325
814
129
439
764
992
860
280
576
811
410
826
827
40
823
986
328
860
340
799
526
594
743
871
558
553
938
901
34
126
636
707
208
529
245
906
504
426
389
63
872
51
752
332
317
528
179
625
188
93
202
347
706
752
291
496
406
793
649
672
881
998
288
177
730
325
22
80
983
258
579
283
637
142
489
903
81
143
288
387
66
713
847
868
611
213
193
676
472
871
134
587
46
341
771
544
660
82
865
479
583
760
915
308
895
76
580
566
760
732
259
614
204
902
780
305
510
981
311
54
338
949
340
237
17
831
820
392
758
546
385
187
903
274
903
867
687
276
899
833
977
589
419
923
282
870
427
598
104
447
104
844
920
20
882
668
895
28
123
949
319
532
402
744
856
8
569
55
86
883
300
339
448
238
341
583
21
992
569
942
591
708
995
485
364
510
479
84
892
301
191
265
632
802
690
887
875
798
160
205
31
593
362
433
645
920
885
881
601
63
654
730
304
406
511
68
849
593
705
477
121
746
951
299
995
528
308
522
141
820
470
912
516
169
577
427
810
177
803
931
242
273
148
662
844
384
402
752
890
657
523
73
900
11
137
941
759
773
404
747
760
556
342
545
960
272
869
115
145
841
39
140
635
35
918
110
148
100
547
741
158
185
605
213
817
817
804
333
434
533
229
779
976
526
609
979
308
300
937
463
191
540
427
853
753
544
221
142
791
216
7
94
30
930
807
423
475
673
983
135
866
660
499
96
83
470
412
208
910
543
371
739
947
4
612
218
291
757
439
34
805
445
722
85
606
68
392
367
100
227
953
422
915
185
955
873
957
280
806
371
534
845
736
464
594
376
258
612
578
254
949
260
477
952
384
158
988
386
553
931
385
975
213
402
198
186
863
849
516
254
737
918
477
147
454
639
115
822
147
529
808
829
134
168
498
455
463
657
88
827
531
188
167
701
290
516
271
947
650
386
934
716
26
33
241
306
762
705
775
571
438
97
405
530
542
632
805
325
890
715
244
850
614
295
503
303
47
248
734
393
589
781
183
216
155
460
44
249
651
612
737
694
900
117
743
535
968
307
924
31
626
743
135
775
319
56
992
76
526
114
119
200
761
779
197
154
906
357
403
974
664
384
556
161
165
637
270
48
585
940
256
55
915
12
89
852
335
525
176
652
200
921
560
351
219
844
338
738
742
409
557
953
652
433
987
869
416
807
243
687
155
535
727
367
588
881
619
224
731
878
452
906
168
772
193
266
20
357
684
787
114
40
414
13
878
122
759
312
614
494
580
951
69
820
175
452
887
87
40
387
940
120
897
836
754
78
975
507
176
697
339
838
190
740
71
824
979
126
609
811
592
641
180
737
89
57
192
979
756
12
290
204
456
294
433
407
109
728
46
576
997
469
14
517
808
191
259
519
97
333
253
261
499
582
922
386
124
776
77
579
739
84
82
293
244
684
966
75
636
903
98
819
556
750
479
254
590
100
615
857
757
310
512
489
251
318
868
773
178
151
729
918
889
84
126
626
24
592
770
275
932
962
640
818
119
645
664
646
810
61
901
47
18
26
218
170
94
369
387
650
874
372
755
693
368
282
670
914
306
77
829
683
387
681
560
523
974
81
951
322
124
317
203
33
935
708
133
481
600
900
130
881
461
275
166
959
258
408
540
896
728
340
555
654
485
999
974
229
313
150
452
691
526
801
627
671
496
773
962
93
578
774
547
616
838
368
268
637
92
83
645
938
598
126
708
500
436
905
292
655
475
491
424
894
808
402
714
357
696
426
692
474
744
106
23
319
143
522
187
275
217
939
878
97
118
30
867
820
867
823
879
233
865
938
696
768
278
536
834
493
855
809
611
664
771
694
756
478
460
558
254
45
445
940
412
217
412
788
104
491
18
983
756
34
626
21
204
556
583
573
459
398
167
263
204
318
529
789
92
526
358
259
623
317
254
230
123
586
628
205
618
277
151
377
29
206
736
297
477
776
102
705
651
956
527
327
648
607
240
730
383
600
222
139
492
614
128
89
464
624
249
163
144
33
629
1000
283
940
125
275
542
835
309
450
730
104
46
622
466
300
279
967
492
171
287
282
691
473
127
660
412
987
987
598
165
969
125
526
792
953
575
808
17
898
987
154
139
481
156
72
255
781
271
582
357
825
622
701
822
532
389
579
893
227
300
263
654
938
565
469
882
685
262
822
327
840
254
669
47
139
737
501
559
728
972
757
549
328
760
410
638
760
569
223
344
607
740
491
182
12
566
212
653
901
44
766
422
899
535
162
891
329
711
530
148
264
363
480
306
857
388
305
548
61
738
235
232
163
215
119
58
288
845
558
867
22
822
510
568
182
131
75
579
958
566
732
327
437
978
905
541
418
478
137
86
690
440
788
535
35
363
52
128
152
469
841
135
993
299
236
27
167
840
794
279
362
659
557
741
43
298
742
544
10
826
138
985
154
235
960
336
122
900
62
336
16
472
739
389
525
287
428
408
784
263
455
664
238
268
773
108
477
394
697
979
918
849
237
769
273
104
204
61
907
650
301
489
929
837
804
144
684
637
804
316
858
624
527
497
497
72
540
180
225
765
65
289
842
25
976
686
702
349
123
774
695
903
950
87
125
257
900
494
840
872
490
216
510
39
812
936
410
382
353
560
508
838
10
683
233
205
693
677
10
171
332
884
327
613
993
397
713
145
157
143
666
30
941
616
428
325
218
416
798
983
999
799
538
668
802
322
665
755
408
648
805
866
223
469
788
797
847
84
237
74
688
801
191
313
263
731
545
634
804
964
830
508
53
673
343
226
620
157
669
983
277
945
813
934
655
81
393
192
254
656
324
624
765
220
68
116
403
354
448
490
899
790
671
269
825
19
742
253
829
104
7
365
76
808
118
675
999
342
613
494
846
732
980
297
36
564
8
109
850
408
245
693
976
687
333
474
645
642
732
144
114
441
368
665
205
752
819
244
359
592
35
794
896
204
91
245
648
581
131
518
702
357
824
147
483
380
929
41
500
178
632
847
913
457
476
954
663
602
42
639
711
483
351
263
49
348
508
576
47
25
484
625
775
142
592
622
25
521
340
480
760
862
453
733
49
759
405
76
883
191
79
326
672
333
395
774
714
294
593
126
808
678
856
239
836
762
316
701
115
412
206
44
519
864
36
333
733
246
983
128
176
511
50
555
353
660
770
449
987
255
683
265
458
700
232
35
780
658
776
523
427
364
869
280
230
271
178
424
514
79
169
734
900
591
636
683
20
190
778
670
844
455
463
843
470
312
949
761
211
369
397
652
142
722
910
383
126
790
574
498
154
765
886
37
993
486
819
525
857
374
426
374
873
117
699
444
458
214
679
150
310
41
66
458
78
828
905
730
967
962
477
136
199
607
399
269
887
471
397
755
393
150
79
295
697
974
983
546
102
169
674
614
177
569
57
21
825
491
681
482
123
48
968
966
691
646
194
41
2
170
176
377
422
839
141
307
678
621
345
632
603
82
938
892
642
634
963
41
896
692
481
760
769
452
967
546
250
584
578
742
417
34
912
804
125
631
822
959
58
286
756
85
826
908
120
963
917
139
737
278
704
708
345
202
775
857
74
409
316
468
289
494
100
257
166
667
552
990
648
686
781
274
112
739
458
465
146
637
347
696
271
515
576
69
993
114
192
990
784
103
846
557
875
5
537
849
766
119
727
174
802
506
932
463
337
144
611
562
464
494
802
780
241
995
561
669
291
613
297
954
366
766
181
971
975
664
689
571
691
185
993
662
429
975
739
653
899
484
965
894
267
325
950
641
618
940
244
141
610
863
551
723
539
193
963
552
1
983
604
456
809
978
693
344
195
206
961
414
754
66
151
70
647
720
556
870
739
124
981
948
614
479
106
782
605
463
640
935
860
445
485
988
518
14
850
79
916
770
487
973
540
485
679
805
459
122
925
789
312
766
63
711
617
200
636
229
37
951
658
334
259
219
140
435
638
284
132
148
357
493
837
561
700
136
27
633
334
290
391
864
174
159
778
534
598
975
38
898
891
344
252
697
754
959
991
368
50
525
736
799
1000
851
26
607
521
22
441
128
988
903
710
141
30
308
744
484
443
327
936
901
332
741
703
607
261
7
642
788
765
726
439
109
189
548
29
5
351
761
452
327
37
3
151
299
752
982
472
742
840
365
734
24
696
532
767
740
588
216
337
165
470
789
919
921
947
980
69
186
727
343
405
997
862
993
320
133
704
705
523
574
676
640
576
738
421
347
316
998
567
91
890
559
445
984
148
212
400
453
33
164
810
363
88
259
449
728
943
65
654
151
481
375
634
768
228
147
106
316
809
433
320
366
923
31
973
511
394
19
488
607
789
542
860
148
192
487
212
477
473
984
453
784
157
20
922
178
558
819
14
739
435
450
740
79
901
279
378
926
768
597
720
172
330
773
335
9
298
91
577
249
486
222
497
834
151
191
234
827
969
70
768
161
246
84
867
363
96
608
199
847
690
951
236
406
798
720
837
416
519
710
420
398
560
861
695
342
341
680
447
25
576
577
324
971
457
531
244
43
489
490
123
706
298
927
971
890
459
923
363
120
4
128
493
61
307
790
453
54
678
58
59
290
44
568
893
347
990
481
909
755
94
692
992
182
987
762
266
818
280
187
589
958
808
603
300
908
950
741
292
784
527
397
208
910
802
364
284
801
36
205
226
641
748
267
622
453
419
865
265
838
567
420
905
936
279
519
448
809
642
184
988
329
614
53
373
63
743
582
700
557
14
565
883
964
275
737
947
815
586
740
911
366
457
75
894
695
40
476
828
33
813
428
190
535
62
611
428
314
895
759
381
451
724
958
688
887
852
596
36
486
782
359
151
277
469
751
416
282
639
207
797
706
456
333
166
607
705
315
993
567
977
295
964
288
71
133
827
817
853
133
38
281
737
212
676
390
241
820
210
609
801
659
934
679
909
632
623
320
445
167
455
302
773
638
793
492
89
426
268
309
896
744
350
841
119
828
849
297
675
240
384
510
226
446
383
391
344
76
822
274
286
836
103
848
57
549
127
550
174
784
532
699
380
490
652
225
215
821
26
772
397
433
927
874
831
963
227
312
556
606
121
839
303
553
786
717
189
649
675
617
240
741
871
299
915
578
493
258
218
108
502
489
280
238
971
366
586
693
654
916
98
184
70
90
532
562
689
437
46
139
890
295
985
908
164
323
251
444
150
653
8
321
299
663
651
411
109
521
297
929
105
970
541
63
182
689
838
381
148
257
767
203
47
110
704
45
465
285
227
944
648
662
192
340
647
91
397
129
692
357
444
553
946
159
84
488
702
753
245
380
579
473
971
115
607
974
801
763
328
595
469
697
687
240
440
909
176
526
432
313
101
521
121
825
430
685
530
368
139
886
19
375
871
915
608
769
225
822
157
544
684
759
192
530
526
803
354
708
828
540
530
917
360
929
691
419
818
458
36
18
828
686
144
158
616
613
269
99
24
643
633
789
241
809
673
886
42
113
885
707
384
245
957
491
48
965
454
843
503
600
23
124
114
503
203
339
583
82
44
473
823
689
501
25
31
304
491
729
735
952
473
433
22
447
377
880
660
841
676
998
332
777
733
686
630
704
471
46
95
929
144
960
536
916
35
522
124
229
215
482
670
801
464
777
519
672
824
406
186
775
70
54
996
439
966
863
88
722
448
959
636
61
568
435
359
139
704
924
440
373
409
197
17
200
562
344
370
117
243
497
88
486
289
232
532
153
621
451
404
351
154
211
849
1000
72
579
642
570
111
12
83
318
33
564
595
287
259
566
219
199
663
677
543
282
961
94
478
191
816
703
47
891
108
144
177
475
126
529
661
409
774
76
442
549
249
208
533
421
9
752
801
120
128
621
521
869
627
750
240
976
495
200
514
501
863
730
521
189
704
455
792
922
812
58
54
662
323
422
386
61
608
978
723
376
335
71
173
726
541
684
929
74
424
816
415
33
627
88
585
708
680
561
615
813
69
462
875
826
320
94
980
817
876
317
706
819
318
906
915
446
964
784
980
567
721
27
690
655
966
773
521
175
402
540
216
83
582
982
777
517
225
578
235
27
833
318
365
920
478
747
948
740
789
920
814
710
530
533
995
517
682
322
797
351
786
477
824
364
345
56
969
865
552
195
494
286
29
301
66
891
808
185
294
425
305
935
449
799
899
68
893
304
825
815
193
367
17
213
920
812
870
500
272
730
848
759
954
251
694
863
815
805
775
261
656
781
686
13
1
544
102
875
331
811
190
996
558
403
399
758
992
224
822
598
773
691
908
720
884
288
388
777
768
388
670
598
403
282
446
184
844
336
598
969
234
983
343
504
572
66
54
568
373
4
516
74
934
610
126
636
194
750
784
492
710
726
859
320
525
867
156
353
513
308
522
266
789
42
462
29
2
988
518
568
16
106
222
176
774
397
926
959
573
315
875
845
641
999
401
42
693
677
923
92
705
344
650
504
148
265
171
317
761
983
161
96
18
642
733
117
254
373
909
341
569
960
718
538
138
893
652
41
466
501
975
676
77
270
504
386
841
123
927
831
453
736
377
210
48
792
934
506
863
373
82
450
742
263
29
680
342
44
635
247
837
603
48
168
785
702
271
585
22
276
435
771
984
87
347
6
286
238
257
232
332
446
277
954
342
721
321
245
745
502
258
880
303
855
850
536
693
771
480
89
652
215
194
843
656
281
613
326
822
293
143
270
761
536
96
636
61
363
730
193
913
84
264
828
784
913
726
971
660
350
861
501
4
480
960
947
830
728
459
334
876
16
578
682
689
978
4
656
701
336
523
347
169
137
860
889
636
732
678
582
484
377
721
146
735
194
424
461
746
396
51
826
846
742
544
146
240
484
159
732
581
824
191
879
362
240
804
13
449
976
5
275
415
45
152
106
672
718
804
988
359
683
615
882
340
239
591
747
549
547
684
586
586
493
183
803
262
168
494
598
506
463
228
171
242
378
449
988
384
617
444
724
251
770
543
47
620
745
451
442
959
800
385
529
532
744
870
577
615
705
602
421
632
680
322
256
79
160
308
307
100
344
532
289
201
409
339
933
635
283
36
869
929
699
572
468
697
658
135
877
974
621
346
56
75
712
134
407
518
754
193
665
526
682
802
541
438
846
935
973
122
681
621
436
983
314
707
24
960
766
25
282
780
89
959
261
329
516
863
989
86
270
709
61
34
397
911
20
629
603
246
552
989
450
9
275
819
855
590
17
389
23
233
780
96
231
236
588
277
711
249
999
519
276
671
389
532
858
538
730
252
356
989
293
5
933
97
805
141
119
587
103
647
312
608
226
977
784
494
975
766
929
405
534
411
801
733
301
700
264
13
582
108
435
589
698
714
945
144
154
379
325
505
420
564
796
8
810
470
598
491
425
630
878
146
483
804
995
424
553
44
760
582
134
458
508
251
600
898
426
463
793
972
473
355
890
429
963
709
547
260
261
573
939
637
371
381
187
633
701
721
190
941
329
234
930
319
454
349
510
51
578
640
764
731
937
836
205
267
50
46
347
147
714
628
518
665
353
452
557
430
628
400
874
47
475
206
184
611
380
96
462
75
289
474
900
970
248
356
397
29
354
427
725
796
52
954
950
398
926
733
86
183
644
120
550
578
595
306
238
89
680
918
333
1000
160
311
540
572
450
337
387
438
703
445
307
428
455
840
703
578
156
906
557
603
273
858
958
739
603
359
902
204
624
274
574
997
948
989
331
686
885
220
729
184
951
34
288
727
90
171
946
199
481
559
597
693
990
130
499
707
366
286
498
529
597
856
312
767
151
731
264
40
701
771
174
506
547
326
138
446
196
559
480
279
294
918
289
775
769
13
781
123
717
475
148
622
618
573
374
772
705
448
608
523
230
195
580
859
256
37
269
49
569
638
721
69
169
727
489
312
92
200
2
969
718
610
404
147
341
207
353
381
166
251
436
156
996
494
466
142
225
682
938
531
385
694
597
842
701
69
213
304
710
729
957
442
118
9
383
306
244
669
747
906
631
968
271
106
681
639
772
837
308
580
555
733
333
936
798
636
994
733
45
54
996
479
342
432
875
678
3
864
665
783
607
169
862
710
881
601
31
585
321
656
292
903
911
278
638
119
351
975
348
974
622
147
300
109
933
948
276
722
558
862
851
578
222
206
826
665
754
500
989
298
986
55
703
418
230
658
208
534
352
13
2
541
475
637
716
538
857
388
277
404
809
829
378
200
341
600
856
97
32
684
305
419
424
273
509
910
128
21
138
733
468
9
208
234
958
537
453
489
689
408
540
504
915
788
529
230
327
351
792
695
507
155
344
184
597
68
670
952
871
912
344
267
756
733
415
142
566
26
697
910
80
894
346
429
752
254
242
134
900
756
326
754
573
793
411
305
202
306
1
717
67
229
359
853
963
912
31
169
912
129
629
190
713
645
166
434
298
419
565
221
3
397
878
613
823
324
65
1000
252
31
785
141
535
616
667
35
960
994
571
546
572
25
719
813
348
649
986
539
842
435
220
952
84
606
250
643
276
377
16
270
298
228
813
241
567
989
479
746
961
697
298
504
154
155
88
65
536
921
565
416
482
263
615
2
517
85
636
23
152
566
646
417
990
616
962
685
862
869
695
156
65
970
394
902
809
947
635
838
447
584
116
14
181
82
410
843
982
770
464
133
824
406
215
663
385
90
785
794
353
295
819
835
499
918
551
167
124
644
550
30
116
223
513
279
253
888
959
930
406
656
637
426
538
942
392
688
847
252
213
220
235
704
384
689
990
758
170
465
145
865
115
310
951
160
809
373
928
221
145
422
9
924
196
327
860
912
562
913
999
127
513
317
752
140
345
531
176
804
987
934
441
310
537
368
823
663
382
24
822
517
726
43
157
985
312
949
572
213
727
65
563
763
76
281
880
275
622
402
561
868
88
977
762
405
363
482
255
13
48
54
66
2
818
750
918
271
435
539
122
629
601
847
507
677
22
86
214
711
536
630
461
949
210
999
498
331
549
911
666
125
847
861
295
670
545
732
776
301
250
111
866
456
555
645
744
304
672
92
69
218
242
82
828
975
631
635
675
733
546
669
36
384
267
830
524
328
762
501
125
213
297
212
364
891
105
244
104
664
860
761
925
48
522
479
617
519
827
672
953
775
652
862
641
754
828
358
688
584
797
740
663
160
857
883
73
767
503
30
634
337
600
929
995
663
84
472
725
34
625
706
594
917
973
909
681
527
63
737
407
428
538
887
877
171
236
790
291
875
472
519
885
914
766
205
112
395
417
501
141
78
779
85
699
361
366
366
328
302
156
596
315
870
323
737
323
873
190
169
93
384
606
13
186
788
741
961
878
381
999
847
214
868
876
392
635
722
285
302
906
955
647
91
102
821
654
557
621
182
495
185
783
226
37
735
128
906
964
496
897
400
407
936
307
395
952
622
883
771
124
549
808
517
445
493
999
497
852
233
608
848
361
650
476
338
413
647
11
763
689
217
204
311
347
22
360
546
855
692
542
815
919
186
933
54
796
238
298
273
399
659
608
549
697
422
166
285
4
64
681
650
57
29
985
258
505
486
198
425
216
386
603
159
126
640
207
482
258
655
468
442
441
575
498
953
849
378
106
189
186
801
419
346
890
866
532
271
793
338
710
149
610
240
36
364
974
805
236
11
367
952
57
920
531
280
435
291
790
100
918
116
579
231
985
478
184
650
471
610
67
993
753
367
60
799
62
406
89
989
220
110
383
806
65
513
41
912
773
866
179
791
50
972
901
356
692
16
921
868
555
724
927
459
993
427
919
533
829
840
401
627
793
788
343
883
131
825
861
737
808
497
33
564
421
239
735
109
841
562
296
319
183
429
438
310
213
174
599
985
129
475
634
677
98
791
926
846
22
381
497
978
637
286
843
606
79
693
201
825
756
269
392
853
240
90
780
481
858
528
909
987
753
508
373
978
347
314
269
231
331
489
167
482
708
850
942
622
263
498
365
540
195
944
24
735
50
270
345
246
317
695
182
384
384
543
110
192
726
632
155
630
812
583
369
655
83
637
982
387
94
676
117
523
471
166
695
360
54
485
901
765
898
527
940
181
862
540
556
661
530
197
166
209
920
105
70
334
269
332
61
995
513
418
436
865
470
32
721
858
127
827
664
199
656
509
256
496
249
375
196
637
300
982
148
357
58
764
517
466
630
102
604
666
181
242
641
998
303
283
616
983
51
895
563
311
648
110
37
998
249
294
815
577
587
182
791
503
687
352
683
435
388
576
754
499
391
263
282
791
398
192
209
353
240
283
319
494
495
244
636
174
729
266
333
148
482
638
742
761
416
473
412
72
102
590
43
915
342
778
746
701
403
856
445
600
889
419
404
186
879
285
250
693
955
63
953
367
186
65
369
764
189
809
38
20
105
181
34
434
553
47
25
143
755
555
521
143
289
612
117
866
464
283
741
593
333
360
861
392
212
788
884
804
344
320
645
843
895
642
274
791
613
17
926
865
283
760
608
130
103
731
575
710
455
99
292
114
984
837
481
821
971
309
483
749
432
858
163
795
996
722
750
567
31
47
63
38
415
737
468
874
177
558
131
491
673
647
487
853
835
878
793
640
121
85
123
822
254
322
997
341
485
624
743
649
698
847
6
596
837
718
534
518
862
651
586
636
711
212
658
916
544
22
57
695
565
227
926
427
547
518
140
667
878
98
240
794
165
787
277
271
741
81
647
262
824
779
936
307
593
166
674
244
791
363
326
638
591
429
706
902
58
60
698
692
412
353
399
965
645
762
669
297
407
178
863
201
850
799
322
112
667
933
280
388
423
444
900
279
891
68
475
879
641
986
330
217
573
632
661
367
838
177
116
426
586
514
137
140
483
472
248
155
702
405
832
689
420
676
568
941
584
321
554
135
517
846
836
138
570
143
144
783
230
56
518
518
316
641
524
818
163
390
749
975
402
893
324
665
864
711
662
314
559
808
733
549
710
795
807
654
671
995
900
624
607
122
913
129
364
414
525
565
194
88
33
308
294
508
325
393
716
954
5
522
120
240
624
358
834
2
861
959
196
870
938
439
149
907
774
247
700
24
423
419
778
604
932
293
990
955
113
994
75
657
360
840
354
450
711
214
721
827
344
4
597
633
715
8
102
367
549
817
650
51
173
33
71
860
537
199
492
297
637
149
899
255
179
176
48
120
163
955
777
543
774
578
5
616
608
250
426
636
234
465
13
145
459
104
287
167
306
249
213
380
910
685
775
415
396
777
842
553
387
472
397
893
362
502
437
136
80
40
906
147
305
1000
195
70
94
362
683
966
213
594
580
26
765
568
920
481
382
248
953
114
14
803
946
123
233
644
195
951
963
626
248
283
654
883
994
61
363
538
18
679
168
233
881
502
179
264
1000
663
326
672
618
550
743
635
390
881
740
661
596
554
950
43
774
633
762
205
385
474
824
962
66
183
839
270
355
256
138
930
623
406
303
373
176
143
118
402
576
42
992
386
701
152
738
315
955
163
488
476
133
575
182
552
416
873
410
902
259
128
416
410
98
390
853
456
264
61
429
199
683
26
704
315
760
627
574
7
578
446
638
596
399
699
8
685
860
798
941
961
491
784
765
351
52
887
784
720
867
604
666
613
234
917
365
142
745
689
350
483
571
679
721
479
995
350
945
243
877
299
364
598
407
989
427
658
361
959
835
238
311
765
447
95
305
581
346
147
405
670
887
380
966
721
210
60
69
221
261
537
260
275
971
910
850
98
153
448
805
340
740
929
505
274
928
940
818
810
564
992
583
310
354
618
482
512
870
802
305
316
522
907
110
487
106
185
98
522
353
750
271
428
644
140
334
769
415
197
943
472
676
450
642
167
794
878
652
764
126
600
875
843
340
495
245
970
661
987
520
57
543
152
143
179
344
366
139
129
533
884
14
495
20
49
764
5
849
398
272
891
420
919
920
640
456
716
496
698
824
314
162
166
611
134
296
47
752
352
434
64
401
419
395
442
807
410
914
962
950
953
313
632
224
824
745
766
186
771
575
448
528
670
161
888
920
583
95
255
149
556
495
109
651
809
843
151
543
641
587
13
855
343
475
177
52
530
756
189
722
207
381
906
739
292
73
662
457
997
69
159
666
906
771
220
150
891
597
681
364
360
915
267
248
255
83
360
842
877
499
261
788
12
907
628
992
583
908
901
856
401
939
251
96
457
424
438
578
816
275
347
223
538
849
928
18
378
725
411
686
760
935
575
71
52
205
947
55
590
634
739
781
513
372
635
518
209
121
307
686
828
816
249
193
450
145
472
643
95
401
690
447
161
29
724
209
981
556
523
724
304
931
99
911
675
533
877
778
351
560
235
331
540
844
572
239
30
470
864
391
864
773
601
617
166
770
619
881
554
64
511
848
987
93
234
291
140
731
352
410
891
242
79
7
491
930
688
299
822
299
359
283
292
117
2
310
638
695
226
108
492
203
794
909
695
238
708
260
211
930
150
864
830
376
445
277
174
812
841
861
788
53
287
766
430
548
993
394
50
289
791
155
210
258
960
364
558
773
336
614
35
630
301
807
318
114
125
729
82
741
897
982
537
659
747
305
98
160
379
724
907
726
98
707
310
783
269
894
616
880
583
81
15
88
369
85
622
84
791
594
986
550
450
960
686
730
746
64
799
918
557
4
937
754
361
667
754
883
665
536
249
351
984
305
110
341
773
253
435
915
387
357
61
708
815
406
715
938
30
445
918
568
761
719
208
644
508
987
102
769
791
184
725
551
400
574
427
860
376
387
403
427
577
446
894
330
196
605
958
247
448
383
192
430
666
536
310
226
848
738
355
915
987
324
44
218
464
434
971
483
692
404
231
310
656
843
757
60
997
697
600
278
49
728
962
410
351
656
854
139
270
564
534
579
161
786
452
726
822
492
629
122
385
663
305
319
185
164
467
200
314
622
693
349
421
139
777
144
159
528
738
708
284
74
282
446
342
1000
575
11
926
719
851
619
738
404
888
759
63
10
675
171
815
511
125
671
413
357
968
945
986
222
778
742
597
498
863
176
174
833
973
777
113
297
89
926
857
482
801
433
638
270
627
972
851
820
195
665
382
78
758
920
642
343
644
413
342
694
290
139
594
617
716
767
738
956
1
535
922
429
698
881
562
79
561
833
577
692
456
571
317
666
744
887
843
201
4
563
326
509
1
53
48
757
894
643
167
736
788
789
389
290
874
431
854
259
821
391
157
611
225
964
773
880
305
530
85
575
384
88
96
350
118
493
995
506
515
836
505
162
124
422
327
551
510
387
316
74
166
931
60
157
551
469
132
354
897
186
621
557
328
858
216
127
47
576
854
177
305
562
191
656
41
690
107
56
360
245
979
207
883
319
495
334
406
59
576
346
936
725
959
988
347
540
155
942
778
454
375
401
761
840
351
819
339
157
505
779
727
704
434
599
668
917
739
891
472
953
889
149
177
893
302
594
66
843
48
403
944
444
945
535
417
538
394
681
124
947
254
616
515
394
459
282
309
987
67
6
863
201
100
149
814
362
61
337
17
750
622
837
428
941
987
719
630
710
111
288
437
630
602
906
948
616
58
435
932
370
72
695
548
911
920
354
862
1000
63
695
346
68
39
445
626
989
878
771
378
857
10
563
348
758
930
547
137
787
44
446
219
235
985
601
719
501
262
990
495
68
451
101
812
833
437
303
822
649
133
186
865
764
738
870
99
790
423
235
311
36
599
653
406
471
988
847
906
589
274
166
526
29
831
670
951
621
93
542
986
505
696
277
834
536
259
47
736
930
96
435
813
831
828
312
932
577
438
743
751
309
954
272
391
118
35
334
450
949
752
692
322
212
800
641
457
141
323
63
788
543
723
980
4
746
826
465
65
760
156
75
921
72
8
520
296
281
317
711
888
724
679
780
930
696
758
620
657
375
971
378
341
648
962
334
890
768
461
917
562
629
323
919
820
601
666
252
847
802
451
746
886
52
626
194
249
142
223
732
125
133
894
241
788
511
54
64
495
867
567
368
252
607
980
2
723
649
139
595
231
763
949
686
507
282
670
130
553
86
341
602
234
808
29
830
418
949
215
21
24
886
321
235
680
812
464
153
30
676
135
239
307
979
412
710
630
709
92
340
999
736
692
237
772
542
108
164
845
107
444
59
971
860
190
912
947
620
255
283
893
439
283
124
62
484
403
732
263
963
357
154
505
841
176
305
892
770
826
242
97
934
45
236
709
397
692
1000
265
543
781
586
769
84
303
811
947
318
796
508
920
876
333
384
205
55
609
62
288
991
508
889
560
795
868
847
608
163
700
741
414
347
550
554
787
20
62
607
492
828
634
784
900
632
346
339
346
780
299
452
176
819
459
458
972
134
877
118
144
767
157
115
647
212
26
434
889
446
256
502
94
652
909
576
443
279
21
524
601
568
627
814
643
582
254
808
793
509
646
471
358
612
528
602
68
800
353
940
119
6
428
937
424
772
23
720
484
798
183
454
434
946
86
267
734
301
935
925
404
521
863
130
877
679
195
359
936
400
990
567
518
398
186
482
610
969
286
642
339
160
261
520
470
756
562
307
303
451
362
869
942
723
420
462
451
51
660
497
260
507
213
313
135
701
189
641
52
865
875
909
601
363
79
34
520
87
116
493
615
243
516
469
574
904
129
999
173
42
843
618
33
371
379
638
21
785
685
267
736
33
34
33
83
828
955
503
287
111
558
36
907
389
505
787
663
854
901
239
259
565
711
896
325
796
547
237
432
511
400
710
456
332
268
289
531
982
286
359
56
618
169
963
754
543
448
817
155
311
848
931
423
675
242
863
246
901
145
564
760
188
439
893
915
747
178
527
99
634
289
19
707
446
976
448
374
915
783
689
204
535
27
46
272
975
984
301
317
292
825
936
609
358
241
481
350
398
255
405
654
241
997
805
880
952
274
920
256
782
99
748
797
360
382
631
873
852
170
245
845
317
309
867
12
644
648
434
596
968
570
351
968
383
33
813
695
34
724
300
2
75
827
36
715
19
159
305
732
887
889
516
716
731
165
462
424
193
557
926
576
815
951
710
647
481
219
50
281
323
912
322
278
504
158
205
292
181
438
50
381
501
642
415
757
959
75
669
976
114
603
950
316
38
787
816
672
993
403
810
791
994
992
727
127
485
448
686
148
279
779
754
133
180
253
779
765
289
249
588
655
457
734
813
112
54
188
731
584
170
938
281
846
231
138
205
37
233
896
606
688
699
503
302
136
137
970
208
113
133
250
124
105
507
959
933
486
779
784
26
916
949
321
168
236
583
605
559
651
891
511
981
951
172
173
978
126
105
218
327
109
638
889
929
746
995
694
474
257
859
463
407
870
936
966
222
658
167
730
269
725
430
321
718
517
262
742
665
512
113
744
238
134
910
81
596
878
33
293
590
892
57
706
391
100
463
910
773
579
456
818
299
376
368
260
932
569
331
154
744
824
656
856
549
300
331
908
337
454
301
102
829
429
921
400
449
832
687
610
311
860
829
852
630
391
391
634
568
898
765
851
234
665
443
776
506
341
511
30
80
848
490
966
868
242
670
598
345
809
940
199
875
668
696
844
698
794
665
520
462
630
615
193
851
966
88
977
29
43
461
479
706
536
281
172
613
176
932
899
10
793
779
958
670
737
527
351
158
302
932
770
13
517
977
901
847
392
80
385
315
828
533
777
965
616
316
54
394
656
492
120
956
491
315
859
428
980
783
453
831
753
930
661
416
124
259
167
356
475
386
430
194
177
512
94
297
734
635
991
71
346
233
840
733
914
78
529
915
633
782
880
564
22
523
81
129
688
380
640
529
309
771
373
211
615
740
795
131
290
88
732
455
172
380
237
12
98
508
955
688
4
518
543
90
372
273
11
632
681
401
950
13
564
247
238
347
220
776
268
461
343
190
81
652
651
890
681
935
393
73
397
224
803
275
616
450
882
47
239
184
785
379
497
86
839
742
407
194
979
828
136
703
352
540
335
24
896
864
297
93
164
999
841
524
399
338
640
392
991
306
540
246
95
696
760
270
712
170
460
972
661
574
76
571
299
811
785
724
579
399
413
503
883
431
548
908
666
810
108
266
553
569
740
951
743
219
172
405
525
242
445
655
84
605
28
604
719
518
684
547
704
856
34
129
192
317
378
472
119
326
949
376
143
323
330
634
773
660
826
188
240
782
699
127
616
657
75
892
534
42
213
813
534
986
741
918
63
126
577
949
905
698
70
695
113
628
991
320
909
145
659
233
570
210
986
386
835
526
675
227
29
55
812
709
922
306
644
449
149
132
927
879
363
525
126
326
524
721
133
177
73
776
371
806
823
809
773
919
237
5
97
641
27
483
281
953
369
879
200
766
395
629
257
92
121
337
663
324
567
979
115
132
991
889
848
419
41
180
649
17
421
514
115
748
810
441
895
534
984
899
754
980
131
68
965
515
883
349
626
292
809
987
148
564
771
483
683
133
579
962
725
731
690
771
204
522
937
49
175
82
289
894
856
639
362
96
323
835
691
826
787
947
538
833
165
837
881
984
727
35
132
654
503
968
186
294
612
887
767
291
742
167
743
27
375
378
133
429
237
15
565
450
174
742
389
46
426
131
203
500
547
818
768
382
636
488
450
607
547
824
620
379
861
633
571
345
199
364
371
324
134
114
110
953
346
507
121
212
759
774
144
29
108
556
479
177
148
325
432
541
767
429
196
844
913
684
995
872
132
982
640
225
14
850
701
786
168
964
554
580
21
639
185
156
321
330
693
343
278
675
830
853
832
921
449
933
186
247
806
361
85
211
60
429
57
480
765
29
674
860
245
835
801
839
936
382
935
249
412
218
285
22
128
996
19
868
771
562
670
368
340
930
984
447
92
525
781
482
817
760
607
586
279
888
992
607
361
714
321
771
770
154
607
48
731
538
817
950
748
412
826
113
845
921
692
894
508
580
348
809
422
517
883
707
579
853
519
741
158
627
932
153
73
51
255
573
712
800
535
923
878
340
741
323
510
735
573
822
834
200
288
822
11
911
200
773
686
436
289
869
319
872
213
213
607
925
733
119
868
684
719
796
523
627
630
499
227
198
117
584
569
869
573
261
707
629
340
661
93
512
215
688
935
427
182
323
620
146
445
58
493
194
202
806
255
867
912
164
858
136
127
2
292
186
813
210
342
61
618
860
521
122
92
96
514
860
178
859
646
517
125
455
895
547
897
237
965
781
786
658
463
588
81
316
698
354
92
826
39
920
732
233
639
578
229
228
19
373
354
9
576
303
830
438
986
188
228
491
688
475
647
232
569
705
955
470
927
565
746
594
107
240
501
159
661
584
889
320
226
662
601
946
551
803
128
173
52
872
928
323
986
834
425
10
403
981
556
126
825
389
78
930
247
685
496
891
942
927
394
65
582
79
999
741
66
104
365
912
929
304
248
382
575
38
477
280
365
616
982
538
476
264
257
526
179
196
463
471
410
295
889
846
870
948
291
372
301
837
364
536
939
341
467
433
489
893
28
390
325
949
913
517
883
375
840
518
467
822
791
532
396
480
265
932
969
453
533
160
115
652
513
35
491
811
668
628
235
121
541
89
124
93
834
717
208
587
247
696
462
545
102
382
561
258
14
274
647
838
123
240
792
286
386
395
535
470
369
830
745
20
207
190
758
518
565
986
907
35
221
38
619
80
30
161
954
744
130
507
932
115
352
793
869
749
666
586
938
578
275
920
512
318
669
383
665
914
95
353
354
993
100
22
530
725
926
293
533
369
994
928
850
788
935
779
671
41
236
31
759
307
467
451
372
17
622
562
343
374
27
234
346
275
423
276
499
581
661
601
69
972
262
843
155
116
586
527
649
363
578
22
338
55
309
902
625
856
80
747
816
560
699
740
954
955
768
724
566
466
589
890
958
197
649
757
562
424
516
928
498
630
487
283
274
840
709
903
723
661
98
290
519
50
386
259
349
229
133
308
225
477
792
929
460
941
478
735
396
295
646
202
769
321
160
145
565
721
497
626
621
941
966
909
854
150
776
184
765
452
433
925
226
824
729
612
345
718
844
896
17
72
470
727
999
136
255
630
288
395
229
999
561
455
327
909
467
792
378
94
418
414
405
334
287
55
278
192
938
721
504
265
836
96
903
828
565
222
73
419
111
897
502
658
502
691
45
465
44
933
136
856
762
889
123
354
763
833
930
410
153
976
181
980
919
922
588
295
950
773
261
223
609
288
622
585
933
51
898
844
588
818
546
495
711
568
803
747
530
319
988
65
204
592
371
988
80
707
578
156
589
354
828
38
968
281
640
404
412
97
499
650
12
736
959
32
775
865
229
362
830
191
62
253
806
727
56
478
581
998
663
216
413
72
813
208
541
283
959
624
142
91
762
188
934
935
232
509
59
904
751
700
1000
477
608
851
28
546
223
874
560
850
12
458
858
873
960
649
804
718
586
558
817
138
778
63
357
528
803
36
940
84
749
397
541
170
483
278
368
683
148
958
9
992
569
154
162
448
922
551
752
106
377
476
139
965
567
827
692
422
564
917
498
862
325
920
495
843
866
941
416
5
184
764
113
717
860
55
142
129
898
976
756
885
610
192
404
503
602
693
598
70
686
878
690
134
415
731
643
517
897
1000
3
367
622
855
472
172
799
368
983
734
285
846
875
644
836
746
9
102
875
991
251
804
391
253
80
918
981
50
433
157
451
363
473
905
219
468
589
354
993
15
182
336
703
821
727
808
168
297
473
537
756
86
387
305
427
351
111
163
101
396
822
691
117
80
499
133
301
860
412
566
703
736
400
213
264
971
427
740
609
918
571
903
793
663
9
71
425
146
419
254
393
829
832
921
607
39
373
148
178
157
702
942
382
482
690
643
633
955
841
867
961
938
774
568
395
482
980
975
959
894
108
486
394
799
783
687
154
357
771
243
204
930
19
371
705
397
396
115
344
18
656
881
621
969
922
98
268
299
802
838
831
606
484
48
888
170
515
64
56
474
577
200
441
551
550
100
994
488
683
22
999
170
812
426
297
399
369
887
569
275
820
145
12
974
257
948
67
953
942
168
673
486
892
394
593
339
946
78
141
669
200
829
359
64
626
214
35
126
448
875
427
571
931
378
819
523
596
386
266
509
747
503
824
628
667
218
104
405
211
836
232
484
750
646
159
941
121
36
997
162
577
603
871
499
393
675
360
842
706
621
464
801
279
336
553
763
65
178
481
908
530
457
784
914
536
284
548
946
386
314
250
473
287
763
456
630
377
578
181
868
329
639
731
391
565
820
761
751
594
867
23
90
329
590
782
272
426
181
714
908
850
977
278
507
105
803
608
53
236
876
669
541
696
188
128
815
326
834
916
792
762
400
135
4
261
389
944
752
197
723
372
943
251
983
478
880
30
302
264
545
50
738
515
226
806
592
887
611
343
444
364
321
619
647
509
620
436
484
762
662
67
184
631
717
788
673
563
618
626
667
522
212
611
966
648
739
158
566
587
796
423
419
374
407
793
732
965
438
444
209
302
144
107
10
974
93
605
696
459
859
477
532
346
215
83
571
103
39
875
381
966
911
371
42
364
793
688
880
77
539
707
581
539
161
297
49
610
295
130
54
192
430
875
314
28
975
749
574
163
813
29
895
141
517
893
764
364
529
167
653
316
189
531
463
765
601
214
480
16
971
814
729
805
655
24
320
966
950
299
215
451
955
132
913
932
249
894
451
926
486
943
149
466
186
93
458
153
805
563
650
357
962
846
179
335
770
848
496
734
178
490
641
422
347
336
22
329
529
791
684
46
560
358
145
157
791
652
874
162
72
599
257
754
136
171
261
88
902
351
76
572
792
917
898
994
293
457
939
275
222
879
983
602
741
677
212
768
567
731
600
870
765
670
416
694
496
496
861
410
766
932
69
735
500
265
190
189
777
489
330
287
716
512
30
89
524
272
326
753
522
526
870
488
631
375
588
983
200
504
263
337
130
106
531
696
457
90
818
132
457
585
462
160
124
909
484
793
761
572
707
635
814
121
817
727
336
45
755
949
878
831
611
181
522
933
844
31
195
256
133
167
471
889
128
683
592
903
747
352
803
259
479
66
802
915
915
199
491
208
870
573
943
100
149
325
990
229
146
8
61
433
798
230
338
224
897
252
827
625
675
287
662
363
780
396
374
901
304
24
103
102
418
662
348
677
461
710
997
133
682
394
471
803
107
553
458
112
642
195
61
112
338
724
599
224
352
354
674
467
469
400
258
75
674
241
495
523
12
16
687
876
410
93
185
505
669
122
67
711
828
32
846
670
607
278
442
346
38
685
412
875
947
124
887
253
296
767
380
562
190
819
969
380
846
796
533
700
457
209
131
496
970
184
756
64
405
225
437
520
125
112
175
763
13
622
887
719
937
612
552
353
831
591
869
612
849
132
297
875
722
536
608
581
776
576
622
170
761
732
805
740
262
339
474
467
136
391
630
239
542
566
325
913
889
976
631
914
871
753
762
250
54
53
772
736
579
358
439
206
993
244
618
992
872
233
520
635
16
772
853
652
988
949
82
509
544
655
739
339
686
668
49
711
122
13
547
494
854
189
844
375
147
443
452
151
282
700
308
40
841
652
987
964
347
385
256
402
265
421
21
849
454
64
839
530
999
944
296
486
3
870
351
430
974
415
308
451
126
769
107
554
805
302
554
586
508
752
919
482
443
159
723
179
396
933
205
477
411
245
922
936
305
342
276
689
910
601
701
544
540
324
674
805
18
201
136
732
572
335
860
107
72
141
313
221
779
70
335
93
497
224
772
281
192
416
563
993
74
932
914
604
874
528
627
402
553
713
534
943
913
395
766
793
1000
503
319
776
308
414
335
720
380
128
206
847
982
417
615
782
156
924
551
279
984
357
895
428
353
483
199
523
713
63
932
525
547
978
859
812
282
106
813
935
572
934
258
565
620
270
27
512
495
107
67
43
143
708
618
407
16
804
453
774
127
304
112
366
687
328
35
960
549
928
565
466
865
206
327
368
948
862
823
679
204
379
406
792
565
288
756
615
238
704
743
341
606
266
166
954
364
14
764
832
408
55
677
370
117
571
658
889
884
369
331
366
620
621
875
886
501
608
232
713
18
316
440
981
167
295
167
742
994
621
927
31
248
97
832
397
686
289
243
807
102
167
535
670
559
402
560
780
166
572
712
253
32
669
427
147
24
835
600
548
909
313
474
518
814
602
629
585
751
630
127
732
331
762
620
247
857
891
192
191
128
223
242
240
416
639
180
687
117
772
622
232
689
401
706
303
949
519
863
56
994
138
416
627
765
343
403
2
131
958
203
171
431
493
493
624
447
735
897
218
273
951
448
661
610
851
617
65
470
722
558
538
791
574
886
371
552
283
130
46
784
40
831
454
377
820
363
279
308
37
890
265
288
900
55
41
277
710
44
385
385
371
714
952
854
514
100
301
853
272
228
975
734
165
96
546
753
892
240
859
525
525
739
121
877
97
801
68
982
966
415
300
868
30
49
348
851
530
769
407
990
188
555
647
608
96
686
745
922
2
440
368
948
532
377
636
819
831
388
916
810
826
574
568
43
309
100
969
301
537
976
374
653
86
447
370
716
389
404
142
495
489
476
748
544
317
401
489
723
430
554
889
127
559
805
357
524
312
501
516
506
99
573
98
326
159
642
313
87
238
951
123
974
195
442
211
